% bip positive
1 1 1 980043141
2 1 1 1051309118
3 1 1 1149353741
4 1 1 1157688964
5 1 1 1180017718
6 1 1 1180113132
7 1 1 1282862316
8 2 1 1002831527
9 2 1 1006954345
10 2 1 1017741336
11 2 1 1017819390
12 2 1 1020262723
12 2 1 1020286475
12 2 1 1020288293
13 2 1 1024687923
14 2 1 1026645949
14 2 1 1026851646
15 2 1 1026907692
15 2 1 1026994657
16 2 1 1027002826
17 2 1 1027386742
18 2 1 1030169954
18 2 1 1030183046
19 2 1 1030801977
19 2 1 1030889412
19 2 1 1030889717
19 2 1 1030889834
19 2 1 1030889893
19 2 1 1030966925
19 2 1 1030966956
18 2 1 1031066687
18 2 1 1031066905
19 2 1 1031097504
19 2 1 1031183889
20 2 1 1031232865
19 2 1 1031368822
20 2 1 1031579715
18 2 1 1031597213
18 2 1 1031999426
18 2 1 1032292063
18 2 1 1032292231
18 2 1 1032298090
13 2 1 1032448521
15 2 1 1032668081
18 2 1 1033069478
21 2 1 1033196963
22 2 1 1033197302
21 2 1 1033198237
22 2 1 1033198309
18 2 1 1033212636
18 2 1 1033213399
18 2 1 1033213500
18 2 1 1033214718
18 2 1 1033214842
18 2 1 1033215379
19 2 1 1033217370
19 2 1 1033217480
19 2 1 1033217660
14 2 1 1033442206
14 2 1 1033442236
21 2 1 1033573068
21 2 1 1033573160
21 2 1 1033573194
21 2 1 1033573215
21 2 1 1033573277
21 2 1 1033573350
21 2 1 1033573360
21 2 1 1033573398
21 2 1 1033573461
21 2 1 1033573559
21 2 1 1033573578
21 2 1 1033573601
21 2 1 1033573638
21 2 1 1033573684
21 2 1 1033573709
21 2 1 1033573726
21 2 1 1033573740
21 2 1 1033573853
21 2 1 1033573889
21 2 1 1033573903
21 2 1 1033573919
21 2 1 1033573978
21 2 1 1033573994
21 2 1 1033574072
21 2 1 1033574100
21 2 1 1033574130
21 2 1 1033574171
21 2 1 1033574197
21 2 1 1033574257
21 2 1 1033574274
21 2 1 1033574324
21 2 1 1033574334
21 2 1 1033574370
21 2 1 1033574384
21 2 1 1033574398
21 2 1 1033574559
21 2 1 1033574605
14 2 1 1033577789
21 2 1 1033581522
12860 21504108 1 1283770492
1879996 21504109 1 1283770496
12860 21504110 1 1283770497
2013 21504111 1 1283770504
3546 21504111 1 1283770755
12860 21504112 1 1283770512
12860 21504113 1 1283770516
12860 21504114 1 1283770521
12860 21504115 1 1283770527
2705 21504116 1 1283770527
88553 21504117 1 1283770530
12860 21504118 1 1283770532
12860 21504119 1 1283770537
12860 21504120 1 1283770542
3819688 21504121 1 1283770574
2150 21504121 1 1283770602
2150 21504122 1 1283770575
34710 21504123 1 1283770575
4063 21504124 1 1283770577
33542 21504125 1 1283770599
2150 21504126 1 1283770602
448747 21504128 1 1283770616
2150 21504128 1 1283770645
448747 21504128 1 1283770874
448747 21504128 1 1283771146
2150 21504129 1 1283770625
90234 21504130 1 1283770651
370 21504131 1 1283770676
3819689 21504132 1 1283770696
3819689 21504132 1 1283770751
19164 21504132 1 1283770785
2705 21504133 1 1283770716
19164 21504134 1 1283770723
1331815 21504135 1 1283770728
19164 21504135 1 1283770820
19164 21504135 1 1283770856
12860 21504136 1 1283770741
12860 21504137 1 1283770745
6201 21504138 1 1283770749
12860 21504139 1 1283770751
12860 21504140 1 1283770757
12860 21504141 1 1283770762
2705 21504142 1 1283770762
4115 21504143 1 1283770764
12860 21504144 1 1283770767
269661 21504145 1 1283770767
12860 21504146 1 1283770772
12860 21504147 1 1283770777
12860 21504148 1 1283770781
11107 21504149 1 1283770785
19164 21504150 1 1283770792
1855653 21504151 1 1283770796
1855653 21504151 1 1283770865
12860 21504152 1 1283770799
47920 21504153 1 1283770802
12860 21504154 1 1283770804
3813930 21504155 1 1283770807
12860 21504156 1 1283770809
3819652 21504157 1 1283770813
12860 21504158 1 1283770813
12860 21504159 1 1283770817
3029728 21504160 1 1283770820
2150 21504160 1 1283771089
12860 21504161 1 1283770823
12860 21504162 1 1283770828
1393523 21504163 1 1283770862
3546 21504164 1 1283770867
4115 21504165 1 1283770877
3546 21504166 1 1283770886
2383653 21504167 1 1283770900
2150 21504167 1 1283770967
47920 21504168 1 1283770902
3546 21504169 1 1283770903
3546 21504169 1 1283770912
2705 21504170 1 1283770905
2646859 21504171 1 1283770909
78152 21504172 1 1283770917
56382 21504173 1 1283770922
258429 21504174 1 1283770925
42707 21504175 1 1283770928
42707 21504175 1 1283771106
6012 21504176 1 1283770939
6012 21504176 1 1283770983
6012 21504176 1 1283771008
6012 21504176 1 1283771159
2705 21504177 1 1283770942
42707 21504178 1 1283770957
323417 21504179 1 1283770989
47920 21504180 1 1283770993
6012 21504181 1 1283771081
56382 21504182 1 1283771085
33542 21504183 1 1283771088
1244694 21504184 1 1283771089
4063 21504185 1 1283771095
3819076 21504186 1 1283771096
3819690 21504187 1 1283771102
2380329 21504188 1 1283771108
3506 21504189 1 1283771121
18262 21504190 1 1283771123
3819691 21504191 1 1283771175
